Eigvals	17
17.315793063739047	17.17493857847162	0.33818509847011513	0.0	0.0	0.0	0.0	0.0	0.0	0.0	0.0	0.0	0.0	0.0	0.0	0.0	0.0

Proportion explained	17
0.49716714397591066	0.4931229617719059	0.009709894252183533	0.0	0.0	0.0	0.0	0.0	0.0	0.0	0.0	0.0	0.0	0.0	0.0	0.0	0.0

Species	0	0

Site	17	17
SK39	-1.4968028704959369	0.4514086357166489	0.019259626181633415	0.0	0.0	0.0	0.0	0.0	0.0	0.0	0.0	0.0	0.0	0.0	0.0	0.0	-0.0
SK40	0.2213551349940278	1.1398345991190022	0.04194285483223983	0.0	0.0	-0.0	0.0	-0.0	0.0	0.0	-0.0	-0.0	0.0	0.0	-0.0	0.0	0.0
SK41	-0.04920836051419686	0.9803312136957756	-0.21455282216972374	0.0	0.0	-0.0	0.0	-0.0	-0.0	-0.0	0.0	0.0	-0.0	0.0	0.0	-0.0	-0.0
SK42	0.08814244389734888	1.6413682647922614	-0.07211859218949396	-0.0	-0.0	0.0	-0.0	-0.0	0.0	0.0	-0.0	-0.0	-0.0	0.0	0.0	-0.0	-0.0
SK43	-0.49633002693475287	1.315924465323875	-0.0007725035005403128	0.0	0.0	-0.0	-0.0	0.0	-0.0	0.0	-0.0	0.0	-0.0	0.0	-0.0	-0.0	-0.0
SK44	0.4271978279007749	1.1340717733412948	0.26738853605405866	-0.0	0.0	-0.0	-0.0	-0.0	-0.0	0.0	0.0	0.0	-0.0	-0.0	-0.0	-0.0	-0.0
SK45	-0.2177265826597807	1.341419409295949	0.024626813746498884	-0.0	-0.0	-0.0	0.0	0.0	0.0	-0.0	0.0	-0.0	-0.0	-0.0	-0.0	-0.0	-0.0
SK46	1.5953176062620043	-0.3273033803677808	0.05670228405855025	-0.0	0.0	0.0	0.0	0.0	-0.0	-0.0	-0.0	-0.0	-0.0	0.0	-0.0	0.0	-0.0
SK47	1.797654328745151	-0.48436128789125305	-0.08803161130591362	-0.0	-0.0	-0.0	-0.0	0.0	-0.0	-0.0	-0.0	-0.0	-0.0	-0.0	0.0	0.0	-0.0
SK48	1.819284174049695	-0.7584999193632498	-0.24279209251381542	0.0	0.0	-0.0	0.0	-0.0	0.0	0.0	0.0	0.0	0.0	-0.0	-0.0	-0.0	-0.0
SK49	0.1596813970001774	-0.9634913698942283	0.062492475913674475	0.0	-0.0	-0.0	-0.0	-0.0	0.0	-0.0	0.0	0.0	-0.0	0.0	-0.0	0.0	0.0
SK50	-0.3415877785216181	-1.0360530564410517	0.031654388332901545	0.0	-0.0	0.0	-0.0	-0.0	-0.0	-0.0	-0.0	-0.0	0.0	0.0	-0.0	-0.0	-0.0
SK51	-0.35865321941474004	-1.2388035410129281	0.2562924191067294	0.0	-0.0	-0.0	0.0	-0.0	-0.0	0.0	0.0	-0.0	-0.0	0.0	0.0	-0.0	-0.0
SK52	-1.677387031383645	-1.1755102550880652	-0.10275801651950506	-0.0	-0.0	0.0	0.0	-0.0	0.0	0.0	-0.0	0.0	-0.0	-0.0	0.0	-0.0	-0.0
SK53	-1.3994179496038162	-0.6682415433052795	-0.19453679886083586	-0.0	0.0	-0.0	-0.0	-0.0	0.0	0.0	0.0	-0.0	-0.0	0.0	-0.0	-0.0	0.0
SK54	0.4160020878069059	-0.7194252397066079	0.15429459600758894	-0.0	0.0	0.0	-0.0	-0.0	0.0	-0.0	-0.0	-0.0	0.0	0.0	0.0	-0.0	-0.0
SK55	-0.4875211811276007	-0.6326687682143614	0.0009084428259462991	-0.0	-0.0	-0.0	0.0	0.0	0.0	0.0	0.0	0.0	-0.0	0.0	-0.0	0.0	0.0

Biplot	0	0

Site constraints	0	0
