Eigvals	16
16.304971626721606	16.147067784497818	0.16979839053013532	0.0	0.0	0.0	0.0	0.0	0.0	0.0	0.0	0.0	0.0	0.0	0.0	0.0

Proportion explained	16
0.4998176904014631	0.49497725672683673	0.00520505287170022	0.0	0.0	0.0	0.0	0.0	0.0	0.0	0.0	0.0	0.0	0.0	0.0	0.0

Species	0	0

Site	16	16
SK01	0.7906464490498696	-1.4001767456026806	-0.036962125857098106	0.0	0.0	0.0	0.0	0.0	0.0	0.0	0.0	0.0	0.0	0.0	0.0	0.0
SK02	0.08017757277874862	-1.5064093804451288	0.02394440487371197	-0.0	-0.0	0.0	-0.0	0.0	-0.0	-0.0	-0.0	-0.0	-0.0	0.0	-0.0	-0.0
SK04	0.14024537981627352	-1.4951323076112142	0.016300291179474846	0.0	0.0	-0.0	0.0	-0.0	0.0	-0.0	0.0	0.0	0.0	-0.0	-0.0	-0.0
SK05	0.38105699192200354	-1.7758056303347538	-0.10702344466266818	-0.0	-0.0	-0.0	0.0	-0.0	0.0	-0.0	0.0	0.0	0.0	0.0	0.0	-0.0
SK06	0.9670511552674287	0.8327568792864299	-0.07954033806144117	-0.0	0.0	0.0	-0.0	0.0	0.0	0.0	-0.0	0.0	-0.0	0.0	0.0	-0.0
SK07	1.0798065211995735	0.8420913041409742	-0.0887266612170827	-0.0	0.0	0.0	0.0	-0.0	0.0	0.0	0.0	-0.0	0.0	0.0	-0.0	-0.0
SK08	1.1725191231421783	0.9072400056723243	-0.06240274530981527	0.0	-0.0	0.0	0.0	-0.0	0.0	-0.0	-0.0	0.0	0.0	-0.0	-0.0	0.0
SK09	0.6369409043468074	1.1003294189464046	0.03557355390527967	-0.0	-0.0	0.0	0.0	0.0	-0.0	-0.0	0.0	-0.0	-0.0	0.0	0.0	-0.0
SK10	1.2746678003816025	0.7999128451868106	0.03992597510649811	-0.0	0.0	-0.0	-0.0	0.0	0.0	-0.0	0.0	-0.0	0.0	0.0	-0.0	0.0
SK11	-0.553322111376566	0.8600133076708228	0.002971117307789949	-0.0	0.0	-0.0	-0.0	-0.0	-0.0	-0.0	-0.0	0.0	-0.0	0.0	0.0	-0.0
SK12	-0.9735926821112517	0.7947343136665972	-0.047830121548415025	0.0	0.0	0.0	-0.0	0.0	0.0	-0.0	0.0	0.0	-0.0	0.0	-0.0	0.0
SK13	-1.0677629931104164	0.6462390180747389	0.06173114814831918	-0.0	0.0	-0.0	0.0	-0.0	0.0	0.0	-0.0	0.0	-0.0	0.0	-0.0	0.0
SK14	-2.0066598582350625	-0.0708057420631257	-0.13401677571417614	-0.0	0.0	-0.0	-0.0	0.0	0.0	-0.0	-0.0	-0.0	-0.0	0.0	0.0	0.0
SK15	-1.8886612868350454	0.287945330818766	-0.01002458427577941	0.0	-0.0	0.0	-0.0	-0.0	-0.0	-0.0	0.0	-0.0	0.0	0.0	-0.0	-0.0
SK16	-0.09921829688786554	-0.0674166121666747	0.3281125741027052	-0.0	0.0	0.0	0.0	0.0	0.0	-0.0	0.0	-0.0	-0.0	0.0	0.0	-0.0
SK17	0.06610533065172297	-0.7555160052402929	0.05796773202269513	-0.0	0.0	0.0	-0.0	-0.0	-0.0	0.0	-0.0	0.0	0.0	0.0	0.0	0.0

Biplot	0	0

Site constraints	0	0
