Eigvals	11
11.164607028955846	11.06673617226793	1.1709136320867448	0.0	0.0	0.0	0.0	0.0	0.0	0.0	0.0

Proportion explained	11
0.4770739466915116	0.47289183479585	0.050034218512638444	0.0	0.0	0.0	0.0	0.0	0.0	0.0	0.0

Species	0	0

Site	11	11
S191127.3.1.c	-1.2983184045219198	-0.8935464073949542	0.08435794477118491	0.0	0.0	0.0	0.0	0.0	0.0	0.0	0.0
S191127.5.1.c	-0.1433914787999314	0.05569591477785313	-0.34189873995622416	0.0	-0.0	-0.0	-0.0	-0.0	-0.0	0.0	-0.0
S191127.4.0.c	0.883651608744833	-1.2815475556491787	-0.11491266676202226	0.0	0.0	0.0	0.0	0.0	-0.0	-0.0	-0.0
S191127.3.0.c	-0.9606826577185068	-1.1004875683979394	-0.204831625809243	0.0	0.0	0.0	0.0	-0.0	0.0	0.0	-0.0
S191127.5.2.c	-0.26405458513133834	1.4987073132816089	-0.06371860836499216	0.0	0.0	0.0	0.0	-0.0	-0.0	-0.0	-0.0
S191127.5.0.c	-0.17148198149298488	1.5828697966984915	-0.08943107917620545	0.0	0.0	-0.0	-0.0	0.0	-0.0	0.0	-0.0
S191127.4.1.c	2.061278305987274	-0.4158507038497162	0.08985535931349939	0.0	0.0	-0.0	-0.0	-0.0	0.0	-0.0	-0.0
S191127.3.2.c	-1.1587671232649612	-0.7991808322127243	-0.04983092422985855	-0.0	0.0	-0.0	0.0	-0.0	-0.0	-0.0	-0.0
S191127.4.2.c	1.3941285431031205	-0.005030699634845527	-0.23332935946751693	0.0	0.0	-0.0	0.0	-0.0	-0.0	0.0	0.0
S191127.5.3.c	-0.34685575912594363	1.3596039446134947	-0.032112190818820004	0.0	-0.0	-0.0	0.0	0.0	0.0	-0.0	-0.0
S191127.3.3.c	0.00449353222035866	-0.0012332022320901814	0.9558518905001953	0.0	-0.0	-0.0	-0.0	-0.0	-0.0	0.0	-0.0

Biplot	0	0

Site constraints	0	0
