Eigvals	10
10.049021439418116	10.019296709311794	0.18985526183954646	0.0	0.0	0.0	0.0	0.0	0.0	0.0

Proportion explained	10
0.49604775493604775	0.4945804592670901	0.009371785796862209	0.0	0.0	0.0	0.0	0.0	0.0	0.0

Species	0	0

Site	10	10
S191127.3.0.c	0.18450325932864087	1.7378889137244429	-0.14571457651996506	0.0	0.0	0.0	0.0	0.0	0.0	0.0
S191127.3.1.c	-1.623192507212472	-0.984083425078527	-0.05309131583722943	0.0	0.0	-0.0	-0.0	-0.0	-0.0	-0.0
S191127.3.2.c	-1.8686124642949187	0.8958620696556193	-0.10065930230180824	-0.0	-0.0	-0.0	0.0	0.0	-0.0	-0.0
S191127.4.0.c	0.6591594781488379	0.8105695469400875	0.18143084461042538	-0.0	0.0	0.0	-0.0	-0.0	-0.0	-0.0
S191127.4.1.c	0.3893961471864662	0.11587703856655567	0.10175558572740626	-0.0	0.0	-0.0	-0.0	0.0	-0.0	-0.0
S191127.4.2.c	1.261809235632237	0.48637272165591344	-0.15087289926654002	0.0	-0.0	-0.0	0.0	-0.0	-0.0	-0.0
S191127.5.0.c	1.206650470166771	-1.465813509361285	-0.1884673789364341	-0.0	0.0	0.0	0.0	-0.0	-0.0	0.0
S191127.5.1.c	0.12076067595081014	0.40249053552598324	0.2052546409565123	-0.0	0.0	-0.0	0.0	-0.0	0.0	0.0
S191127.5.2.c	0.1389299756186102	-1.077379395736347	0.09366748613885019	0.0	0.0	-0.0	0.0	0.0	-0.0	-0.0
S191127.5.3.c	-0.46940427052498074	-0.9217844958924393	0.056696915428787395	-0.0	-0.0	-0.0	0.0	0.0	0.0	-0.0

Biplot	0	0

Site constraints	0	0
