Eigvals	17
17.567049320587742	17.1334369755526	0.215452012440918	0.0	0.0	0.0	0.0	0.0	0.0	0.0	0.0	0.0	0.0	0.0	0.0	0.0	0.0

Proportion explained	17
0.5031240794772026	0.49070532844141634	0.0061705920813809705	0.0	0.0	0.0	0.0	0.0	0.0	0.0	0.0	0.0	0.0	0.0	0.0	0.0	0.0

Species	0	0

Site	17	17
SK22	0.8292566834667938	-1.1905910430511497	-0.07766766054382686	0.0	0.0	0.0	0.0	0.0	0.0	0.0	0.0	0.0	0.0	0.0	0.0	0.0	-0.0
SK23	-0.24241937112755868	-1.2061197074710273	0.08044227153301603	0.0	0.0	-0.0	0.0	0.0	-0.0	0.0	0.0	0.0	0.0	-0.0	0.0	-0.0	-0.0
SK24	0.22242843451453548	-1.5505836829257238	0.05588001379511584	-0.0	0.0	-0.0	-0.0	-0.0	0.0	0.0	0.0	0.0	0.0	0.0	0.0	-0.0	-0.0
SK25	0.8210416693292358	-1.2135217583818254	-0.16077480410721048	-0.0	-0.0	-0.0	0.0	0.0	0.0	-0.0	-0.0	0.0	-0.0	-0.0	-0.0	-0.0	-0.0
SK26	0.7823057975844352	-1.401696703654902	0.05326233079682185	0.0	0.0	0.0	-0.0	0.0	-0.0	-0.0	0.0	-0.0	0.0	-0.0	-0.0	-0.0	-0.0
SK27	0.9570531511051533	0.9722485156446987	-0.12046792077885418	0.0	-0.0	-0.0	0.0	-0.0	0.0	-0.0	0.0	-0.0	0.0	-0.0	0.0	-0.0	-0.0
SK28	1.0243269612490447	1.0199609284760303	0.12447393880593688	-0.0	-0.0	-0.0	-0.0	0.0	0.0	0.0	0.0	0.0	-0.0	0.0	-0.0	0.0	-0.0
SK29	1.2310433897336717	1.0546538063819975	-0.007026598787310643	0.0	-0.0	-0.0	-0.0	-0.0	-0.0	0.0	-0.0	-0.0	-0.0	-0.0	0.0	-0.0	-0.0
SK30	0.9004462481151281	1.167259721143439	0.01588140575233095	-0.0	0.0	-0.0	-0.0	-0.0	-0.0	-0.0	0.0	0.0	-0.0	-0.0	0.0	0.0	0.0
SK31	1.2652586546921556	1.0049632289549657	0.09086438922925036	-0.0	-0.0	-0.0	0.0	-0.0	-0.0	0.0	-0.0	0.0	0.0	0.0	-0.0	-0.0	-0.0
SK32	-1.133088800311411	0.9414054403334956	-0.2518288862180697	0.0	0.0	-0.0	-0.0	0.0	0.0	0.0	-0.0	0.0	0.0	-0.0	-0.0	-0.0	-0.0
SK33	-1.4506802536836387	0.5740622052498053	0.05157431152161567	-0.0	0.0	0.0	0.0	0.0	0.0	0.0	-0.0	-0.0	-0.0	0.0	0.0	0.0	-0.0
SK34	-1.1416692413967822	0.6001815114240345	-0.10254495566315693	-0.0	-0.0	0.0	0.0	-0.0	-0.0	0.0	0.0	0.0	-0.0	0.0	0.0	-0.0	-0.0
SK35	-1.4810109510104632	0.19697850318504112	0.15559446720348455	-0.0	-0.0	-0.0	-0.0	0.0	0.0	-0.0	-0.0	-0.0	0.0	-0.0	0.0	0.0	-0.0
SK36	-1.3296521439292248	0.4582884329337403	0.0975243300665813	-0.0	0.0	-0.0	0.0	-0.0	-0.0	-0.0	0.0	0.0	0.0	-0.0	-0.0	0.0	-0.0
SK37	-0.9034367010511103	-0.9433933265082621	-0.10806686383276756	0.0	-0.0	-0.0	-0.0	-0.0	-0.0	-0.0	0.0	-0.0	-0.0	0.0	-0.0	-0.0	-0.0
SK38	-0.3512035272799629	-0.4840960717343564	0.10288023122705006	0.0	0.0	-0.0	-0.0	-0.0	0.0	-0.0	-0.0	0.0	-0.0	0.0	-0.0	-0.0	-0.0

Biplot	0	0

Site constraints	0	0
