Eigvals	17
17.39014158672922	17.077388961409962	1.0717932620740047	0.0	0.0	0.0	0.0	0.0	0.0	0.0	0.0	0.0	0.0	0.0	0.0	0.0	0.0

Proportion explained	17
0.48932111594457783	0.4805209309160326	0.03015795313938967	0.0	0.0	0.0	0.0	0.0	0.0	0.0	0.0	0.0	0.0	0.0	0.0	0.0	0.0

Species	0	0

Site	17	17
SK56	-0.28353366408104513	-1.6006825274518546	-0.10816116288407468	0.0	0.0	0.0	0.0	0.0	0.0	0.0	0.0	0.0	0.0	0.0	0.0	-0.0	0.0
SK57	-0.978890592872351	-0.6614556203987362	0.0007048470796713626	-0.0	-0.0	0.0	-0.0	-0.0	0.0	-0.0	-0.0	-0.0	0.0	-0.0	-0.0	0.0	-0.0
SK58	0.14037124042002597	-1.8740273215794618	0.038699928702432655	0.0	-0.0	0.0	0.0	0.0	-0.0	0.0	-0.0	-0.0	-0.0	0.0	-0.0	-0.0	0.0
SK59	-0.9250834043539884	-0.9867008737898826	-0.04874162730855671	0.0	-0.0	-0.0	-0.0	-0.0	-0.0	-0.0	-0.0	-0.0	0.0	0.0	0.0	-0.0	-0.0
SK60	-0.1835301634612239	-1.8151532788273403	0.04520744891617092	-0.0	-0.0	-0.0	-0.0	-0.0	-0.0	-0.0	0.0	-0.0	-0.0	-0.0	-0.0	-0.0	0.0
SK61	-0.9586315479102672	0.26797669558120446	0.06888766664205641	-0.0	-0.0	-0.0	-0.0	-0.0	0.0	0.0	0.0	-0.0	0.0	0.0	-0.0	-0.0	0.0
SK62	-1.3520150032562723	0.9274935223633466	-0.3763638593277849	0.0	-0.0	-0.0	0.0	-0.0	0.0	-0.0	0.0	0.0	0.0	0.0	-0.0	-0.0	-0.0
SK63	-0.859756872940989	1.260469451663578	0.11218370684442242	-0.0	-0.0	0.0	0.0	-0.0	0.0	-0.0	-0.0	0.0	-0.0	0.0	0.0	-0.0	0.0
SK64	-1.2129656190170544	1.2075377199825514	-0.16854609323232578	0.0	-0.0	-0.0	0.0	0.0	-0.0	0.0	0.0	-0.0	-0.0	-0.0	0.0	-0.0	-0.0
SK65	-0.502427838480227	0.6804371693380629	0.31826884307085634	-0.0	-0.0	0.0	-0.0	-0.0	-0.0	-0.0	0.0	0.0	0.0	0.0	-0.0	-0.0	0.0
SK66	0.28008137018259976	0.7438985731793601	-0.08686092390854709	-0.0	0.0	-0.0	0.0	0.0	0.0	-0.0	0.0	-0.0	0.0	-0.0	0.0	-0.0	0.0
SK67	0.4485805645272041	0.5328904009284856	0.2126628304889656	-0.0	-0.0	0.0	-0.0	0.0	0.0	-0.0	0.0	-0.0	-0.0	-0.0	0.0	-0.0	-0.0
SK68	0.9626237633044585	0.6608428502010921	0.2908181601624385	0.0	0.0	-0.0	-0.0	-0.0	0.0	0.0	0.0	-0.0	-0.0	0.0	0.0	0.0	0.0
SK69	2.166251960130822	-0.041900952575688696	-0.3540096581625633	0.0	-0.0	0.0	-0.0	-0.0	0.0	0.0	-0.0	0.0	0.0	-0.0	0.0	-0.0	0.0
SK70	1.6590924786056256	0.5818797520518336	0.29220295210022434	-0.0	0.0	-0.0	-0.0	-0.0	-0.0	-0.0	-0.0	-0.0	0.0	0.0	-0.0	-0.0	-0.0
SK71	0.41181025539724403	-0.2839264257766953	0.3227542554671429	-0.0	-0.0	0.0	0.0	-0.0	0.0	0.0	0.0	-0.0	0.0	-0.0	0.0	-0.0	-0.0
SK72	1.1880230738054367	0.4004208651101446	-0.559707314650529	-0.0	0.0	0.0	0.0	-0.0	-0.0	-0.0	0.0	-0.0	-0.0	0.0	0.0	0.0	-0.0

Biplot	0	0

Site constraints	0	0
