Eigvals	16
16.329505822581226	16.168807088909897	0.3974095215021626	0.0	0.0	0.0	0.0	0.0	0.0	0.0	0.0	0.0	0.0	0.0	0.0	0.0

Proportion explained	16
0.4964021038250033	0.4915170086884347	0.01208088748656191	0.0	0.0	0.0	0.0	0.0	0.0	0.0	0.0	0.0	0.0	0.0	0.0	0.0

Species	0	0

Site	16	16
WT1_R3TK43_d0_STOOL	-0.2896814810045994	0.910883175625836	-0.00459982675216615	0.0	0.0	0.0	0.0	0.0	0.0	0.0	0.0	0.0	0.0	0.0	0.0	-0.0
WT1_R3TK43_d7_STOOL	-0.5449796509941882	1.5948358445399453	0.022519104726804528	-0.0	0.0	-0.0	0.0	-0.0	0.0	-0.0	-0.0	0.0	-0.0	0.0	0.0	0.0
WT2_L1TK28_d0_STOOL	-0.45687621177744986	-1.6862402368300855	0.09029605085634976	0.0	0.0	-0.0	0.0	-0.0	0.0	0.0	-0.0	0.0	0.0	-0.0	-0.0	0.0
WT2_L1TK28_D7_STOOL	-0.4777738461386921	-1.3477710338936058	0.006149906157817445	-0.0	-0.0	-0.0	-0.0	-0.0	-0.0	-0.0	-0.0	0.0	0.0	0.0	0.0	-0.0
WT3_L1TK41_d0_STOOL	-0.6193188884748043	0.16217673971713123	0.23260096129893537	-0.0	-0.0	-0.0	0.0	0.0	0.0	-0.0	0.0	0.0	-0.0	0.0	0.0	-0.0
WT3_L1TK41_d7_STOOL	-0.82604445008549	0.6675856600291766	0.09448411817570669	-0.0	0.0	-0.0	-0.0	0.0	-0.0	0.0	0.0	-0.0	0.0	0.0	-0.0	0.0
WT4_R1TK44_d0_STOOL	1.0847897192253115	-0.8189838850271562	0.0004886921973801128	-0.0	0.0	0.0	-0.0	-0.0	-0.0	0.0	0.0	-0.0	0.0	0.0	0.0	0.0
WT4_R1TK44_d7_STOOL	0.403101171614805	0.34052180632457485	0.09484949926380334	-0.0	0.0	0.0	-0.0	0.0	0.0	-0.0	-0.0	0.0	0.0	-0.0	-0.0	0.0
KO1_R3L1TK43_d0_STOOL	-0.00185465208029753	-0.053800289970177335	0.0242788420753496	-0.0	0.0	-0.0	-0.0	0.0	0.0	0.0	0.0	-0.0	0.0	0.0	-0.0	0.0
KO1_R3L1TK43_d7_STOOL	-2.085391711161528	0.05328266582359636	-0.4677576711135735	-0.0	-0.0	0.0	0.0	0.0	0.0	0.0	0.0	0.0	0.0	0.0	0.0	0.0
KO2_R1R3TK28_d0_STOOL	-0.6398908537682874	-1.7761481041127403	0.10056481548769952	0.0	0.0	-0.0	0.0	-0.0	0.0	-0.0	0.0	-0.0	0.0	-0.0	-0.0	0.0
KO2_R1R3TK28_d7_STOOL	-0.3278520890786169	0.04049135448825684	0.09321775538835582	-0.0	-0.0	0.0	0.0	0.0	-0.0	0.0	0.0	-0.0	-0.0	-0.0	0.0	-0.0
KO3_L3TK40_d0_STOOL	0.3217761735033518	1.244160809558647	0.11755215787730697	-0.0	-0.0	0.0	0.0	-0.0	0.0	0.0	-0.0	0.0	0.0	0.0	-0.0	-0.0
KO3_L3TK40_d7_STOOL	2.04448475848658	0.39805437676522704	-0.11128983201994477	0.0	0.0	-0.0	0.0	-0.0	-0.0	0.0	0.0	0.0	0.0	-0.0	0.0	-0.0
KO4_TK44L1_d0_STOOL	1.92879796507338	-0.8574688602134394	-0.21465158416089694	-0.0	0.0	-0.0	0.0	0.0	-0.0	-0.0	-0.0	-0.0	-0.0	0.0	-0.0	0.0
KO4_TK44L1_d7_STOOL	0.48671404666052465	1.1284199771748114	-0.07870298945892791	-0.0	0.0	0.0	0.0	-0.0	0.0	-0.0	0.0	0.0	-0.0	-0.0	-0.0	0.0

Biplot	0	0

Site constraints	0	0
